0,0.9891304347826086
10,1
20,0.7872340425531915
30,0.4117647058823529
40,0.21348314606741572
50,0.045454545454545456
60,0.052083333333333336
70,0.25274725274725274
80,0.5666666666666667
90,0.8555555555555555
100,0.9659090909090909
110,0.8924731182795699
[[0, 2, 2], [0, 3, 2], [0, 3, 2], [0, 2, 2]]
[545.5049234961797, 623.2716578681266]
[115.35520941991327, 55.61047267626695, 0, 55.61047267626695, 115.35520941991327]
[0.0, 0.0, 0, 3.141592653589793, 10.053096491487338]
['qudit_ramsey_scan_dimension3_6436', 'qudit_ramsey_scan_dimension3_6437', 'qudit_ramsey_scan_dimension3_6438', 'qudit_ramsey_scan_dimension3_6439', 'qudit_ramsey_scan_dimension3_6440', 'qudit_ramsey_scan_dimension3_6441', 'qudit_ramsey_scan_dimension3_6442', 'qudit_ramsey_scan_dimension3_6443', 'qudit_ramsey_scan_dimension3_6444', 'qudit_ramsey_scan_dimension3_6445', 'qudit_ramsey_scan_dimension3_6446', 'qudit_ramsey_scan_dimension3_6447']
