0,0.9782608695652174
10,0.8390804597701149
20,0.5473684210526316
30,0.2857142857142857
40,0.14606741573033707
50,0.046511627906976744
60,0.06976744186046512
70,0.3146067415730337
80,0.6046511627906976
90,0.8777777777777778
100,0.9875
110,0.8777777777777778
[[0, 2, 2], [0, 3, 2], [0, 3, 2], [0, 2, 2]]
[545.504885637476, 623.2720182843925]
[115.35520941991327, 55.61047267626695, 0, 55.61047267626695, 115.35520941991327]
[0.0, 0.0, 0, 3.141592653589793, 10.053096491487338]
['qudit_ramsey_scan_dimension3_6400', 'qudit_ramsey_scan_dimension3_6401', 'qudit_ramsey_scan_dimension3_6402', 'qudit_ramsey_scan_dimension3_6403', 'qudit_ramsey_scan_dimension3_6404', 'qudit_ramsey_scan_dimension3_6405', 'qudit_ramsey_scan_dimension3_6406', 'qudit_ramsey_scan_dimension3_6407', 'qudit_ramsey_scan_dimension3_6408', 'qudit_ramsey_scan_dimension3_6409', 'qudit_ramsey_scan_dimension3_6410', 'qudit_ramsey_scan_dimension3_6411']
