0,0.9764705882352941
10,1.0
20,0.7931034482758621
30,0.5061728395061729
40,0.12790697674418605
50,0.02197802197802198
60,0.07777777777777778
70,0.3695652173913043
80,0.6551724137931034
90,0.8333333333333334
100,0.9876543209876543
110,0.9156626506024096
[[0, 2, 2], [0, 3, 2], [0, 3, 2], [0, 2, 2]]
[545.5047508611013, 623.2718705362931]
[115.35520941991327, 55.61047267626695, 0, 55.61047267626695, 115.35520941991327]
[0.0, 0.0, 0, 3.141592653589793, 10.053096491487338]
['qudit_ramsey_scan_dimension3_6412', 'qudit_ramsey_scan_dimension3_6413', 'qudit_ramsey_scan_dimension3_6414', 'qudit_ramsey_scan_dimension3_6415', 'qudit_ramsey_scan_dimension3_6416', 'qudit_ramsey_scan_dimension3_6417', 'qudit_ramsey_scan_dimension3_6418', 'qudit_ramsey_scan_dimension3_6419', 'qudit_ramsey_scan_dimension3_6420', 'qudit_ramsey_scan_dimension3_6421', 'qudit_ramsey_scan_dimension3_6422', 'qudit_ramsey_scan_dimension3_6423']
