0,0.9885057471264368
10,0.946236559139785
20,0.7608695652173914
30,0.42528735632183906
40,0.23170731707317074
50,0.03614457831325301
60,0.012658227848101266
70,0.24390243902439024
80,0.5280898876404494
90,0.5517241379310345
100,0.8860759493670886
110,0.9759036144578314
[[0, 2, 2], [0, 3, 2], [0, 3, 2], [0, 2, 2]]
[545.5049215987145, 623.2719373591672]
[115.35520941991327, 55.61047267626695, 0, 55.61047267626695, 115.35520941991327]
[0.0, 0.0, 0, 3.141592653589793, 10.053096491487338]
['qudit_ramsey_scan_dimension3_6424', 'qudit_ramsey_scan_dimension3_6425', 'qudit_ramsey_scan_dimension3_6426', 'qudit_ramsey_scan_dimension3_6427', 'qudit_ramsey_scan_dimension3_6428', 'qudit_ramsey_scan_dimension3_6429', 'qudit_ramsey_scan_dimension3_6430', 'qudit_ramsey_scan_dimension3_6431', 'qudit_ramsey_scan_dimension3_6432', 'qudit_ramsey_scan_dimension3_6433', 'qudit_ramsey_scan_dimension3_6434', 'qudit_ramsey_scan_dimension3_6435']
