[[0,2,0],[0,3,2]], 933.6048413776696, 29.99671086510153, 933.6048574617649, 27095649633.024715, ['20241010_1441', '20241010_1530']
[[0,2,0],[0,2,2]], 18423.90157655453, 22296.37073029959, 7028712.836842796, 18424.02816562128, ['20250314_1451']
[[0,2,0],[0,4,-1]], 1323.4110944849683, 87.74731571805316, 1349.9323502541042, 34014.95816533409, ['20241011_1236', '20241011_1413']
[[0,2,0],[0,4,0]], 2153.7471065614964, 288.3448901390172, 2153.747553970482, 5183878948.429817, ['20241011_1503','20241011_1721']
[[0,2,0],[0,4,1]], 50103.506444250204, 346507.36509216635, 29987372.35991902, 50103.64631559465, ['20241012_1333', '20241012_1428', '20241012_1731', '20241012_1825']
[[0,2,0],[0,3,-1]], 99009681.87936467, inf, 99022622.83132996, 378829899582.66833, ['20241012_1939', '20241013_2034']
[[0,2,0],[0,3,0]], 3516.558864333584, 732.6933496841345, 3516.5592028079022, 18267542584.751854, ['20241013_2342', '20241014_0115']
[[0,2,0],[0,3,1]], 1822.1838733390223, 56.552089900354176, 1822.1840493195748, 9433867827.952229, ['20241017_1222']
[[0,3,2],[0,4,-2]], 472.71036827019276, 13.221081603302434, 585.4110155030296, 1358.4854991810544, ['20241018_1555', '20241018_1645', '20241018_1701', '20241018_1737']
[[0,3,2],[0,4,-1]], 586.9687456655907, 16.514936512005686, 674.1147376212436, 2427.1206504689244, ['20241018_1850', '20241018_2132']
[[0,3,2],[0,4,0]], 660.9688737899817, 17.820590985322095, 810.7530643938152, 1970.9085126419168, ['20241018_2157']
[[0,3,2],[0,4,1]], 886.826378461658, 23.108759435648746, 1104.7621254890191, 2493.72221570405, ['20241019_0303', '20241019_1529', '20241019_1630']
[[0,3,2],[0,3,-1]], 890.1530815617831, 27.150017909937812, 1137.9058694405683, 2293.91990455535, ['20241019_1729']
[[0,3,2],[0,3,0]], 1489.9299381124526, 31.59804624087075, 1515.1139582700634, 45193.977659905926, ['20241019_2044', '20241019_2101', '20241020_1406']
[[0,3,2],[0,3,1]], 3499.80922640271, 61.43060136677852, 4806.130820642186, 7450.692665739831, ['20241020_2146', '20241021_0124', '20241022_0233']
[[-1,2,1],[-1,3,1]], 7645.427156361526, 216.58627073741135, 10723.193060719093, 15550.268274206577, ['20241022_1004', '20241022_1214', '20241022_2323', '20241023_0033']
[[-2,3,-2],[-2,2,-1]], 21608.16748291208, 2714.273034661071, 24481.9948384478, 97778.3331245739, ['20241023_0052', '20241023_0216']
[[0,3,2],[0,2,2]], 77527.02835150744, 7247.501220499984, 95528.85247647659, 227101.17580997408, ['20241007_1624','20241007_1649']