             NaN             -1.106049986441101307e+00             -9.055831858608220930e-01  -7.054106000928844766e-01             -5.055312589028806425e-01
  -4.991444776461867461e-01             -2.983824865611018340e-01             -9.791568598082239783e-02             1.022568997871152047e-01             3.021362409771189972e-01
             3.552255734582392965e-01   5.559875645433242086e-01             7.564543651236035338e-01             9.566269508915412612e-01             NaN
             NaN             NaN  -9.308437786584503604e-01  -7.306711928905128550e-01  -5.307918517005090209e-01
             NaN             -6.589342251705775366e-01             -4.584674245902981560e-01             -2.582948388223605396e-01  -5.841549763235674708e-02
  -4.012287916653643483e-01  -2.004668005802793807e-01  -0.0000000e+00             2.001725857679376164e-01   4.000519269579414505e-01
   3.259570631762026549e-02             2.333576974027052608e-01             4.338244979829846137e-01             6.339970837509222301e-01             NaN
   4.208005036808950550e-01             6.215624947659800226e-01             8.220292953462594587e-01             NaN             NaN
             NaN             NaN             NaN  -9.991242651000200592e-01             -7.992449239100163361e-01
             NaN             NaN  -9.148305816022875847e-01  -7.146579958343498573e-01             -5.147786546443461342e-01
             NaN             -8.114841290792796924e-01  -6.110173284990002562e-01             -4.108447427310626399e-01             -2.109654015410588057e-01
             -6.973218237471332515e-01  -4.965598326620482839e-01  -2.960930320817689032e-01             -9.592044631383127296e-02             1.039588948761725473e-01
  -3.733786681108743344e-01  -1.726166770257893668e-01             2.785012355449001040e-02             2.280227093224276302e-01             NaN
  -3.802048610959617853e-02   1.627415049754888099e-01             3.632083055557682183e-01             NaN             NaN
   3.203963981114982817e-01             5.211583891965831938e-01             NaN             NaN             NaN
             NaN             NaN             NaN             NaN  -7.999282041532524978e-01
             NaN             NaN             NaN             -5.202023015699207553e-01  -3.203229603799169212e-01
             NaN             NaN             -3.134004610360728305e-01  -1.132278752681352141e-01   8.665146592186859231e-02
             NaN             -1.435882419678888577e-01   5.687855861239050903e-02             2.570511443803281115e-01   4.569304855703318902e-01
             -4.799821473529123153e-03             1.959621696115558531e-01   3.964289701918352615e-01   5.966015559597728224e-01   7.964808971497766565e-01
             3.036721063185078839e-01             5.044340974035927960e-01   7.049008979838722322e-01   9.050734837518098486e-01             NaN
             5.762388069281072500e-01   7.770007980131922176e-01   9.774675985934716538e-01             NaN             NaN
             7.992380089149150324e-01   1.0000000e+00             NaN             NaN             NaN
   7.999614655178122202e-01             NaN             NaN             NaN             NaN
