             NaN             -1.459535341509577755e+00             -1.410665859068014605e+01  -2.673316943472527996e+01             NaN
  -3.947265334480560739e+01             NaN             NaN             NaN             NaN
             -9.343203043349438985e+01  -1.060999508895420291e+02             NaN             NaN             NaN
             NaN             NaN   5.906782649627284343e+01   4.644149202463373882e+01   3.383572197381262470e+01
             NaN             NaN             NaN             NaN   3.827569969211096712e+00
   2.531508717917725093e+01   1.264707537216640176e+01   0.0000000e+00             NaN  -2.523212060482252284e+01
  -2.020512611157525118e+00             NaN             NaN             NaN             NaN
  -2.609720846862679977e+01             NaN             NaN             NaN             NaN
             NaN             NaN             NaN   1.260515093352990021e+02             NaN
             NaN             NaN   1.205436263030508854e+02   1.079171519942595125e+02             NaN
             NaN             NaN   1.012680564384953499e+02             NaN             NaN
             NaN   9.402179413886652526e+01   8.137468186971625528e+01             NaN             NaN
   8.631728176143113274e+01   7.364934116208868886e+01             NaN             NaN             NaN
   6.531942751687068949e+01   5.265152395472219382e+01             NaN             NaN             NaN
   4.295618339566868116e+01             NaN             NaN             NaN             NaN
             NaN             NaN             NaN             NaN   1.138237938024840332e+02
             NaN             NaN             NaN             NaN   8.340232750231642456e+01
             NaN             NaN             NaN   7.016244005447347831e+01   5.755656326702411008e+01
             NaN             NaN   5.929511895886522410e+01             NaN   3.406286730711330080e+01
             NaN             NaN   3.779524011609513678e+01   2.516878504822484075e+01   1.256304964736144036e+01
             NaN             NaN   1.832860327007878354e+01   5.702151652121686176e+00             NaN
             NaN   1.386601867382163356e+01   1.218939197582619371e+00             NaN             NaN
             NaN   0.0000000e+00             NaN             NaN             NaN
   1.291578646313638856e+01             NaN             NaN             NaN             NaN
